Confusion Matrix: C:\Users\alimo\Desktop\tehran_output\output\tehran_lcz_map  
  
Overall Accuracy = (306/363)  84.2975%  
Kappa Coefficient = 0.8300  
  
                  Ground Truth (Pixels)  
    Class                1            2            3            4            5  
            0            0            0            0            0            0  
            1            7            0            0            1            5  
            2            7           20            8            7            1  
            3            0            0           17            0            0  
            4            0            0            0            1            0  
            5            5            0            0            1            9  
            7            0            0            0            0            2  
            8            0            0            0            0            0  
            9            0            0            0            0            0  
           10            0            0            0            0            0  
          101            0            0            0            0            0  
          102            0            0            0            0            0  
          103            0            0            0            0            0  
          104            0            0            0            0            0  
          106            0            0            0            0            0  
          107            0            0            0            0            0  
        Total           19           20           25           10           17  
  
  
                  Ground Truth (Pixels)  
    Class                7            8            9           10          101  
            0            0            0            0            0            0  
            1            0            0            0            0            0  
            2            0            0            0            1            0  
            3            0            0            0            0            0  
            4            0            0            0            0            0  
            5            0            0            0            0            0  
            7           17            0            0            1            0  
            8            2           26            0            0            0  
            9            0            0           16            0            0  
           10            1            0            0           30            0  
          101            0            0            0            0           25  
          102            0            0            0            0            1  
          103            0            0            0            0            0  
          104            0            0            0            0            0  
          106            0            0            0            0            0  
          107            0            0            0            0            0  
        Total           20           26           16           32           26  
  
  
                  Ground Truth (Pixels)  
    Class              102          103          104          106          107  
            0            0            0            0            0            0  
            1            0            0            0            0            0  
            2            0            0            0            0            1  
            3            0            0            0            0            0  
            4            0            0            0            0            0  
            5            0            0            0            0            0  
            7            0            0            0            1            2  
            8            0            0            0            0            0  
            9            0            0            0            0            0  
           10            1            0            1            0            1  
          101            0            0            0            0            2  
          102           10            0            0            0            0  
          103            3           27            0            2            0  
          104            0            0           48            0            0  
          106            0            0            0           26            0  
          107            0            0            0            0           27  
        Total           14           27           49           29           33  
  
  
                  Ground Truth (Pixels)  
    Class            Total  
            0            0  
            1           13  
            2           45  
            3           17  
            4            1  
            5           15  
            7           23  
            8           28  
            9           16  
           10           34  
          101           27  
          102           11  
          103           32  
          104           48  
          106           26  
          107           27  
        Total          363  
  
  
                 Ground Truth (Percent)  
    Class                1            2            3            4            5  
            0         0.00         0.00         0.00         0.00         0.00  
            1        36.84         0.00         0.00        10.00        29.41  
            2        36.84       100.00        32.00        70.00         5.88  
            3         0.00         0.00        68.00         0.00         0.00  
            4         0.00         0.00         0.00        10.00         0.00  
            5        26.32         0.00         0.00        10.00        52.94  
            7         0.00         0.00         0.00         0.00        11.76  
            8         0.00         0.00         0.00         0.00         0.00  
            9         0.00         0.00         0.00         0.00         0.00  
           10         0.00         0.00         0.00         0.00         0.00  
          101         0.00         0.00         0.00         0.00         0.00  
          102         0.00         0.00         0.00         0.00         0.00  
          103         0.00         0.00         0.00         0.00         0.00  
          104         0.00         0.00         0.00         0.00         0.00  
          106         0.00         0.00         0.00         0.00         0.00  
          107         0.00         0.00         0.00         0.00         0.00  
        Total       100.00       100.00       100.00       100.00       100.00  
  
  
                 Ground Truth (Percent)  
    Class                7            8            9           10          101  
            0         0.00         0.00         0.00         0.00         0.00  
            1         0.00         0.00         0.00         0.00         0.00  
            2         0.00         0.00         0.00         3.13         0.00  
            3         0.00         0.00         0.00         0.00         0.00  
            4         0.00         0.00         0.00         0.00         0.00  
            5         0.00         0.00         0.00         0.00         0.00  
            7        85.00         0.00         0.00         3.13         0.00  
            8        10.00       100.00         0.00         0.00         0.00  
            9         0.00         0.00       100.00         0.00         0.00  
           10         5.00         0.00         0.00        93.75         0.00  
          101         0.00         0.00         0.00         0.00        96.15  
          102         0.00         0.00         0.00         0.00         3.85  
          103         0.00         0.00         0.00         0.00         0.00  
          104         0.00         0.00         0.00         0.00         0.00  
          106         0.00         0.00         0.00         0.00         0.00  
          107         0.00         0.00         0.00         0.00         0.00  
        Total       100.00       100.00       100.00       100.00       100.00  
  
  
                 Ground Truth (Percent)  
    Class              102          103          104          106          107  
            0         0.00         0.00         0.00         0.00         0.00  
            1         0.00         0.00         0.00         0.00         0.00  
            2         0.00         0.00         0.00         0.00         3.03  
            3         0.00         0.00         0.00         0.00         0.00  
            4         0.00         0.00         0.00         0.00         0.00  
            5         0.00         0.00         0.00         0.00         0.00  
            7         0.00         0.00         0.00         3.45         6.06  
            8         0.00         0.00         0.00         0.00         0.00  
            9         0.00         0.00         0.00         0.00         0.00  
           10         7.14         0.00         2.04         0.00         3.03  
          101         0.00         0.00         0.00         0.00         6.06  
          102        71.43         0.00         0.00         0.00         0.00  
          103        21.43       100.00         0.00         6.90         0.00  
          104         0.00         0.00        97.96         0.00         0.00  
          106         0.00         0.00         0.00        89.66         0.00  
          107         0.00         0.00         0.00         0.00        81.82  
        Total       100.00       100.00       100.00       100.00       100.00  
  
  
                 Ground Truth (Percent)  
    Class            Total  
            0         0.00  
            1         3.58  
            2        12.40  
            3         4.68  
            4         0.28  
            5         4.13  
            7         6.34  
            8         7.71  
            9         4.41  
           10         9.37  
          101         7.44  
          102         3.03  
          103         8.82  
          104        13.22  
          106         7.16  
          107         7.44  
        Total       100.00  
  
  
  
        Class   Commission     Omission          Commission            Omission  
                 (Percent)    (Percent)            (Pixels)            (Pixels)  
            1        46.15        63.16                6/13               12/19  
            2        55.56         0.00               25/45                0/20  
            3         0.00        32.00                0/17                8/25  
            4         0.00        90.00                 0/1                9/10  
            5        40.00        47.06                6/15                8/17  
            7        26.09        15.00                6/23                3/20  
            8         7.14         0.00                2/28                0/26  
            9         0.00         0.00                0/16                0/16  
           10        11.76         6.25                4/34                2/32  
          101         7.41         3.85                2/27                1/26  
          102         9.09        28.57                1/11                4/14  
          103        15.63         0.00                5/32                0/27  
          104         0.00         2.04                0/48                1/49  
          106         0.00        10.34                0/26                3/29  
          107         0.00        18.18                0/27                6/33  
  
  
        Class   Prod. Acc.    User Acc.          Prod. Acc.           User Acc.  
                 (Percent)    (Percent)            (Pixels)            (Pixels)  
            1        36.84        53.85                7/19                7/13  
            2       100.00        44.44               20/20               20/45  
            3        68.00       100.00               17/25               17/17  
            4        10.00       100.00                1/10                 1/1  
            5        52.94        60.00                9/17                9/15  
            7        85.00        73.91               17/20               17/23  
            8       100.00        92.86               26/26               26/28  
            9       100.00       100.00               16/16               16/16  
           10        93.75        88.24               30/32               30/34  
          101        96.15        92.59               25/26               25/27  
          102        71.43        90.91               10/14               10/11  
          103       100.00        84.38               27/27               27/32  
          104        97.96       100.00               48/49               48/48  
          106        89.66       100.00               26/29               26/26  
          107        81.82       100.00               27/33               27/27  

